function tab = InSb
    % InSb - from SOPRA database
    % first column is nm data
    % second column is for n (refractive index)
    % third column is for k (absorption coefficient)
    tab = [1239.841874,4.15,0.26
    1234.675867,4.147855,0.287911
    1229.509859,4.15054,0.307383
    1224.343851,4.15759,0.319813
    1219.177843,4.1686,0.326717
    1214.011835,4.182871,0.329047
    1208.845827,4.199633,0.327638
    1203.67982,4.21892,0.324012
    1198.513812,4.240155,0.319566
    1193.347804,4.26214,0.315821
    1188.181796,4.284427,0.313621
    1183.015788,4.306595,0.313909
    1177.849781,4.328637,0.318256
    1172.683773,4.349837,0.327899
    1167.517765,4.369344,0.343323
    1162.351757,4.38549,0.368346
    1157.185749,4.396381,0.406989
    1152.019742,4.39599,0.47142
    1146.853734,4.39326,0.544407
    1141.687726,4.400388,0.602316
    1136.521718,4.419554,0.640349
    1131.35571,4.450201,0.66221
    1126.189703,4.48596,0.68863
    1121.023695,4.52562,0.717844
    1115.857687,4.567971,0.748764
    1110.691679,4.611481,0.784127
    1105.525671,4.656249,0.827206
    1100.359663,4.703722,0.883037
    1095.193656,4.752841,0.94952
    1090.027648,4.802163,1.027958
    1084.86164,4.850066,1.1258
    1079.695632,4.889059,1.247445
    1074.529624,4.911435,1.397574
    1069.363617,4.881357,1.57749
    1064.197609,4.785148,1.757817
    1059.031601,4.610289,1.85381
    1053.865593,4.436913,1.876637
    1048.699585,4.332577,1.842413
    1043.533578,4.265928,1.808213
    1038.36757,4.224796,1.787422
    1033.201562,4.193392,1.773696
    1028.035554,4.170796,1.765846
    1022.869546,4.154508,1.762991
    1017.703539,4.143402,1.764133
    1012.537531,4.136466,1.769786
    1007.371523,4.13276,1.780843
    1002.205515,4.132169,1.797706
    997.0395073,4.1337,1.82084
    991.8734995,4.135356,1.850457
    986.7074917,4.136219,1.888066
    981.5414838,4.135039,1.935091
    976.375476,4.128556,1.992572
    971.2094682,4.110854,2.059689
    966.0434604,4.073326,2.137563
    960.8774526,4.009381,2.210258
    955.7114448,3.919385,2.265094
    950.545437,3.824084,2.286146
    945.3794292,3.736253,2.280935
    940.2134214,3.669379,2.263162
    935.0474136,3.614876,2.241754
    929.8814057,3.569603,2.221365
    924.7153979,3.531714,2.200236
    919.5493901,3.499551,2.180007
    914.3833823,3.471557,2.162087
    909.2173745,3.446763,2.145105
    904.0513667,3.424831,2.128661
    898.8853589,3.405989,2.112413
    893.7193511,3.389954,2.097075
    888.5533433,3.376489,2.082965
    883.3873355,3.365304,2.069503
    878.2213277,3.356375,2.057081
    873.0553198,3.349806,2.046436
    867.889312,3.344874,2.036334
    862.7233042,3.341413,2.026574
    857.5572964,3.339928,2.017996
    852.3912886,3.340136,2.010566
    847.2252808,3.341779,2.004256
    842.059273,3.345319,1.999412
    836.8932652,3.350697,1.996122
    831.7272574,3.35747,1.994344
    826.5612496,3.366,1.993984
    821.3952417,3.376478,1.995192
    816.2292339,3.388906,1.998954
    811.0632261,3.403114,2.005579
    805.8972183,3.41896,2.015199
    800.7312105,3.435193,2.028344
    795.5652027,3.451172,2.04548
    790.3991949,3.466939,2.067636
    785.2331871,3.481713,2.092959
    780.0671793,3.494769,2.119686
    774.9011715,3.506949,2.149293
    769.7351636,3.517488,2.182049
    764.5691558,3.524317,2.218151
    759.403148,3.527644,2.256242
    754.2371402,3.5276,2.295083
    749.0711324,3.524357,2.33293
    743.9051246,3.519754,2.369263
    738.7391168,3.516436,2.403578
    733.573109,3.514415,2.438854
    728.4071012,3.51327,2.476627
    723.2410934,3.510999,2.517626
    718.0750856,3.507085,2.561347
    712.9090777,3.501137,2.607212
    707.7430699,3.493573,2.654975
    702.5770621,3.484626,2.704683
    697.4110543,3.474978,2.756452
    692.2450465,3.462846,2.811493
    687.0790387,3.44692,2.870534
    681.9130309,3.426792,2.933227
    676.7470231,3.401354,2.998776
    671.5810153,3.369062,3.066112
    666.4150075,3.330997,3.134562
    661.2489996,3.287262,3.203515
    656.0829918,3.237126,3.272373
    650.916984,3.180534,3.341503
    645.7509762,3.117303,3.411223
    640.5849684,3.043847,3.479502
    635.4189606,2.958698,3.544438
    630.2529528,2.861111,3.604239
    625.086945,2.751755,3.655208
    619.9209372,2.631744,3.693768
    614.7549294,2.503593,3.715625
    609.5889215,2.37267,3.718596
    604.4229137,2.245713,3.700386
    599.2569059,2.127807,3.665059
    594.0908981,2.022707,3.616161
    588.9248903,1.93247,3.558546
    583.7588825,1.855797,3.496283
    578.5928747,1.791015,3.433323
    573.4268669,1.736428,3.372291
    568.2608591,1.69041,3.314547
    563.0948513,1.651332,3.260362
    557.9288434,1.617422,3.209363
    552.7628356,1.587243,3.161333
    547.5968278,1.560736,3.116441
    542.43082,1.537061,3.074321
    537.2648122,1.51502,3.034342
    532.0988044,1.494953,2.996757
    526.9327966,1.476691,2.961313
    521.7667888,1.459593,2.926828
    516.600781,1.443423,2.893801
    511.4347732,1.427976,2.862849
    506.2687654,1.41287,2.833253
    501.1027575,1.398263,2.804545
    495.9367497,1.384873,2.776058
    490.7707419,1.372692,2.74816
    485.6047341,1.361632,2.721077
    480.4387263,1.350827,2.694752
    475.2727185,1.340712,2.66918
    470.1067107,1.332472,2.644308
    464.9407029,1.32479,2.62051
    459.7746951,1.317453,2.597858
    454.6086873,1.311661,2.576014
    449.4426794,1.307495,2.554697
    444.2766716,1.304924,2.533641
    439.1106638,1.302819,2.513452
    433.944656,1.301115,2.494721
    428.7786482,1.300565,2.478513
    423.6126404,1.30148,2.464038
    418.4466326,1.303953,2.450977
    413.2806248,1.30716,2.44084
    408.114617,1.310045,2.433868
    402.9486092,1.311096,2.429981
    397.7826013,1.310712,2.428996
    392.6165935,1.308735,2.430448
    387.4505857,1.304841,2.433124
    382.2845779,1.297511,2.436544
    377.1185701,1.285087,2.440304
    371.9525623,1.269916,2.443785
    366.7865545,1.252897,2.445919
    361.6205467,1.234315,2.444598
    356.4545389,1.214664,2.440832
    351.2885311,1.194378,2.435357
    346.1225233,1.173409,2.428509
    340.9565154,1.152682,2.41983
    335.7905076,1.133969,2.408191
    330.6244998,1.115795,2.394265
    325.458492,1.097987,2.37874
    320.2924842,1.082036,2.36325
    315.1264764,1.068268,2.347878
    309.9604686,1.056891,2.332503
    304.7944608,1.047207,2.316986
    299.628453,1.038872,2.30169
    294.4624452,1.031762,2.28764
    289.2964373,1.02536,2.27476
    284.1304295,1.019215,2.263015
    278.9644217,1.013101,2.252294
    273.7984139,1.006951,2.242937
    268.6324061,1.000801,2.235846
    263.4663983,0.99491,2.229635
    258.3003905,0.988776,2.223516
    253.1343827,0.979602,2.216706
    247.9683749,0.968598,2.210412
    242.8023671,0.957597,2.20625
    237.6363592,0.946825,2.200068
    232.4703514,0.93475,2.192718
    227.3043436,0.911309,2.193919
    222.1383358,0.897122,2.189787
    216.972328,0.915925,2.163737
    211.8063202,1.013392,2.08071
    206.6403124,1.23,1.91];
end