function res= zscan
res = [1.247524752	0.881188119
1.25	0.858695652
1.235294118	0.847058824
1.215909091	0.852272727
1.222222222	0.858585859
1.212121212	0.858585859
1.207920792	0.861386139
1.23	0.87
1.240384615	0.875
1.254901961	0.882352941
1.264705882	0.882352941
1.257425743	0.871287129
1.225490196	0.87254902
1.230769231	0.875
1.245098039	0.882352941
1.242718447	0.883495146
1.23364486	0.869158879
1.235849057	0.867924528
1.25	0.875
1.233009709	0.873786408
1.211009174	0.871559633
1.236363636	0.881818182
1.247706422	0.880733945
1.23853211	0.871559633
1.2	0.86
1.217821782	0.871287129
1.19047619	0.857142857
1.196261682	0.859813084
1.219047619	0.876190476
1.216981132	0.867924528
1.213592233	0.86407767
1.202020202	0.858585859
1.233009709	0.883495146
1.230769231	0.894230769
1.245098039	0.892156863
1.233009709	0.883495146
1.155339806	0.854368932
1.161904762	0.866666667
1.2	0.876190476
1.20952381	0.876190476
1.213592233	0.902912621
1.20754717	0.896226415
1.179245283	0.877358491
1.161904762	0.857142857
1.188679245	0.896226415
1.182692308	0.894230769
1.21	0.9
1.217821782	0.900990099
1.097087379	0.844660194
1.116504854	0.86407767
1.142857143	0.885714286
1.168224299	0.887850467
1.131313131	0.868686869
1.098039216	0.852941176
1.095238095	0.847619048
1.085714286	0.847619048
1.07	0.86
1.07	0.85
1.083333333	0.854166667
1.094736842	0.863157895
1.066037736	0.877358491
1.095238095	0.885714286
1.096153846	0.875
1.079207921	0.871287129
1.04950495	0.891089109
1.038461538	0.875
1.037735849	0.867924528
1.037383178	0.859813084
1.04	0.89
1.029411765	0.892156863
1.039215686	0.901960784
1.04950495	0.891089109
0.970873786	0.893203883
0.990566038	0.896226415
1.029411765	0.901960784
1.04	0.91
0.895238095	0.885714286
0.904761905	0.885714286
0.913461538	0.884615385
0.941176471	0.882352941
0.835051546	0.855670103
0.843137255	0.862745098
0.855769231	0.865384615
0.865384615	0.875
0.77	0.85
0.79787234	0.85106383
0.815217391	0.847826087
0.822916667	0.854166667
0.711538462	0.884615385
0.723809524	0.895238095
0.740384615	0.884615385
0.764705882	0.87254902
0.676767677	0.858585859
0.68	0.85
0.683168317	0.861386139
0.699029126	0.873786408
0.653846154	0.865384615
0.66	0.85
0.653465347	0.851485149
0.663366337	0.851485149
0.647058824	0.882352941
0.644230769	0.884615385
0.650943396	0.877358491
0.650943396	0.877358491
0.623762376	0.861386139
0.623762376	0.851485149
0.633663366	0.861386139
0.644230769	0.884615385
0.601941748	0.86407767
0.601941748	0.854368932
0.611650485	0.86407767
0.623762376	0.861386139
0.605769231	0.865384615
0.603773585	0.858490566
0.598130841	0.869158879
0.6	0.857142857
0.594059406	0.841584158
0.605769231	0.846153846
0.605769231	0.846153846
0.598039216	0.852941176
0.598130841	0.831775701
0.594339623	0.830188679
0.605769231	0.836538462
0.612244898	0.846938776
0.601941748	0.815533981
0.605769231	0.826923077
0.603773585	0.830188679
0.598130841	0.831775701
0.650943396	0.839622642
0.647058824	0.833333333
0.643564356	0.831683168
0.617647059	0.81372549
0.672897196	0.831775701
0.679245283	0.839622642
0.669811321	0.839622642
0.650943396	0.830188679
0.699029126	0.805825243
0.692307692	0.817307692
0.692307692	0.826923077
0.676190476	0.828571429
0.801980198	0.821782178
0.774509804	0.823529412
0.757281553	0.825242718
0.704761905	0.80952381
0.854368932	0.834951456
0.858585859	0.828282828
0.855670103	0.835051546
0.826530612	0.816326531
0.980769231	0.836538462
0.952380952	0.838095238
0.902912621	0.825242718
0.86407767	0.825242718
1.084210526	0.810526316
1.073684211	0.821052632
1.04040404	0.838383838
1.01980198	0.841584158
1.18	0.82
1.158415842	0.821782178
1.087378641	0.815533981
1.08	0.81
1.35106383	0.861702128
1.295918367	0.846938776
1.247524752	0.831683168
1.222222222	0.828282828
1.44	0.86
1.434782609	0.847826087
1.418604651	0.860465116
1.393258427	0.853932584
1.53271028	0.878504673
1.490384615	0.865384615
1.466666667	0.866666667
1.446601942	0.873786408
1.613207547	0.886792453
1.579439252	0.878504673
1.607843137	0.882352941
1.571428571	0.885714286
1.653846154	0.865384615
1.689320388	0.883495146
1.656565657	0.868686869
1.640776699	0.883495146
1.577319588	0.845360825
1.594059406	0.841584158
1.617647059	0.852941176
1.650485437	0.854368932
1.584158416	0.861386139
1.64	0.86
1.6	0.855555556
1.543478261	0.836956522
1.533980583	0.854368932
1.524271845	0.844660194
1.528846154	0.846153846
1.582524272	0.854368932
1.504854369	0.86407767
1.539215686	0.862745098
1.544554455	0.861386139
1.558823529	0.862745098
1.254901961	0.774509804
1.336538462	0.798076923
1.383838384	0.818181818
1.46	0.84
1.339805825	0.815533981
1.300970874	0.796116505
1.259615385	0.778846154
1.230769231	0.769230769
1.384615385	0.846153846
1.384615385	0.846153846
1.396226415	0.849056604
1.342857143	0.828571429
1.364485981	0.85046729
1.388888889	0.861111111
1.411214953	0.859813084
1.401869159	0.859813084
1.373831776	0.85046729
1.364485981	0.841121495
1.349056604	0.839622642
1.351851852	0.851851852
1.355140187	0.859813084
1.377358491	0.877358491
1.364485981	0.859813084
1.364485981	0.85046729
1.330188679	0.858490566
1.364485981	0.869158879
1.373831776	0.869158879
1.361904762	0.866666667
1.216981132	0.811320755
1.235849057	0.820754717
1.261682243	0.831775701
1.283018868	0.839622642
1.261682243	0.831775701
1.252336449	0.822429907
1.226415094	0.811320755
1.235849057	0.820754717
1.333333333	0.866666667
1.288461538	0.846153846
1.269230769	0.826923077
1.245283019	0.820754717
1.352380952	0.876190476
1.352941176	0.882352941
1.349514563	0.873786408
1.326923077	0.875
1.252427184	0.844660194
1.287128713	0.861386139
1.32038835	0.873786408
1.326923077	0.875
1.267326733	0.851485149
1.257142857	0.847619048
1.259615385	0.846153846
1.242718447	0.844660194
1.336538462	0.875
1.323529412	0.87254902
1.3125	0.864583333
1.284210526	0.863157895
1.301886792	0.877358491
1.314285714	0.876190476
1.326923077	0.875
1.336538462	0.884615385
1.300970874	0.873786408
1.295238095	0.876190476
1.304761905	0.876190476
1.311320755	0.877358491
1.29	0.87
1.27184466	0.86407767
1.281553398	0.854368932
1.278846154	0.855769231
1.291262136	0.873786408
1.283018868	0.867924528
1.259615385	0.865384615
1.267326733	0.871287129
1.287128713	0.871287129
1.281553398	0.854368932
1.294117647	0.862745098
1.306930693	0.871287129
1.320754717	0.886792453
1.336538462	0.903846154
1.323232323	0.898989899
1.313131313	0.888888889
1.317307692	0.884615385
1.326923077	0.894230769
1.307692308	0.884615385
1.301886792	0.877358491
1.326923077	0.884615385
1.304761905	0.876190476
1.301886792	0.877358491
1.301886792	0.877358491
1.314285714	0.885714286
1.311320755	0.877358491
1.29245283	0.867924528
1.317307692	0.875
1.280373832	0.869158879
1.301886792	0.886792453
1.311320755	0.877358491
1.299065421	0.878504673
1.266666667	0.857142857
1.247619048	0.857142857
1.271028037	0.869158879
1.29245283	0.877358491
1.343137255	0.862745098
1.259615385	0.865384615
1.271028037	0.859813084
1.283018868	0.867924528];
end