function val = InSbLorentzianFun(x)
	a1 = 170.6;
	a2 = 226.9; 
	a3 = 323.1; 
	a4 = 84.83; 
	a5 = 28.54; 
	a6 = 105.1; 
	a7 =   6.2; 
	c1 = 222.9; 
	c2 = 399.6; 
	c3 =   616; 
	c4 = 815.2; 
	c5 =  1052; 
	c6 = 948.1; 
	c7 =  9002; 
	l1 = 139.7; 
	l2 = 174.5; 
	l3 = 118.4; 
	l4 = 117.2; 
	l5 = 29.43; 
	l6 = 74.46; 
	l7 = 9.656; 

	val = (a1.*l1./((x-c1).^2+l1.^2) + a2.*l2./((x-c2).^2+l2.^2) + a3.*l3./((x-c3).^2+l3.^2) + a4.*l4./((x-c4).^2+l4.^2) + a5.*l5./((x-c5).^2+l5.^2) + a6.*l6./((x-c6).^2+l6.^2) + a7.*l7./((x-c7).^2+l7.^2));
end