function tab = ZnSeTe9
    % Znsete9 - from SOPRA database
    % first column is nm data
    % second column is for n (refractive index)
    % third column is for k (absorption coefficient)
    tab = [
    197.0238095,2.464934,1.975192
    200.5337788,2.464934,1.975192
    204.043748,2.469755,1.956048
    207.5537173,2.473905,1.937023
    211.0636865,2.477395,1.918148
    214.5736557,2.480242,1.899447
    218.083625,2.482460,1.880947
    221.5935942,2.484068,1.862673
    225.1035635,2.485083,1.844644
    228.6135327,2.485524,1.826884
    232.123502,2.485409,1.809410
    235.6334712,2.484760,1.792242
    239.1434404,2.483594,1.775396
    242.6534097,2.481933,1.758886
    246.1633789,2.479796,1.742726
    249.6733482,2.477204,1.726929
    253.1833174,2.474177,1.711507
    256.6932867,2.470735,1.696468
    260.2032559,2.466897,1.681822
    263.7132252,2.462684,1.667578
    267.2231944,2.458114,1.653740
    270.7331636,2.453207,1.640317
    274.2431329,2.447981,1.627313
    277.7531021,2.442453,1.614730
    281.2630714,2.436643,1.602575
    284.7730406,2.430565,1.590849
    288.2830099,2.424238,1.579555
    291.7929791,2.417677,1.568694
    295.3029484,2.410899,1.558267
    298.8129176,2.403917,1.548276
    302.3228868,2.396748,1.538721
    305.8328561,2.389405,1.529603
    309.3428253,2.381902,1.520920
    312.8527946,2.374252,1.512672
    316.3627638,2.366468,1.504860
    319.8727331,2.358563,1.497481
    323.3827023,2.350548,1.490537
    326.8926715,2.342436,1.484025
    330.4026408,2.334237,1.477944
    333.91261,2.325963,1.472294
    337.4225793,2.317624,1.467074
    340.9325485,2.309231,1.462283
    344.4425178,2.300793,1.457919
    347.952487,2.292321,1.453983
    351.4624563,2.283825,1.450474
    354.9724255,2.275313,1.447390
    358.4823947,2.266797,1.444732
    361.992364,2.258284,1.442499
    365.5023332,2.249784,1.440692
    369.0123025,2.241307,1.439310
    372.5222717,2.232862,1.438353
    376.032241,2.224458,1.437823
    379.5422102,2.216105,1.437719
    383.0521794,2.207811,1.438042
    386.5621487,2.199588,1.438794
    390.0721179,2.191444,1.439975
    393.5820872,2.183391,1.441587
    397.0920564,2.175438,1.443630
    400.6020257,2.167596,1.446108
    404.1119949,2.159877,1.449021
    407.6219642,2.152291,1.452372
    411.1319334,2.144852,1.456162
    414.6419026,2.137571,1.460392
    418.1518719,2.130462,1.465066
    421.6618411,2.123538,1.470185
    425.1718104,2.116814,1.475751
    428.6817796,2.110305,1.481766
    432.1917489,2.104026,1.488231
    435.7017181,2.097995,1.495149
    439.2116873,2.092228,1.502519
    442.7216566,2.086744,1.510343
    446.2316258,2.081562,1.518621
    449.7415951,2.076703,1.527353
    453.2515643,2.072187,1.536539
    456.7615336,2.068037,1.546176
    460.2715028,2.064276,1.556262
    463.7814721,2.060928,1.566794
    467.2914413,2.058019,1.577767
    470.8014105,2.055575,1.589175
    474.3113798,2.053624,1.601012
    477.821349,2.052195,1.613268
    481.3313183,2.051316,1.625931
    484.8412875,2.051018,1.638991
    488.3512568,2.051332,1.652431
    491.861226,2.052290,1.666235
    495.3711952,2.053925,1.680382
    498.8811645,2.056269,1.694849
    502.3911337,2.059354,1.709611
    505.901103,2.063214,1.724638
    509.4110722,2.067880,1.739898
    512.9210415,2.073385,1.755354
    516.4310107,2.079757,1.770966
    519.94098,2.087025,1.786689
    523.4509492,2.095217,1.802478
    526.9609184,2.104353,1.818277
    530.4708877,2.114456,1.834033
    533.9808569,2.125541,1.849684
    537.4908262,2.137619,1.865168
    541.0007954,2.150697,1.880418
    544.5107647,2.164773,1.895366
    548.0207339,2.179842,1.909939
    551.5307031,2.195890,1.924066
    555.0406724,2.212893,1.937673
    558.5506416,2.230823,1.950690
    562.0606109,2.249641,1.963045
    565.5705801,2.269299,1.974674
    569.0805494,2.289654,1.986517
    572.5905186,2.310834,1.996526
    576.1004879,2.332665,2.005642
    579.6104571,2.355073,2.013831
    583.1204263,2.377979,2.021063
    586.6303956,2.401298,2.027322
    590.1403648,2.424948,2.032605
    593.6503341,2.448845,2.036921
    597.1603033,2.472915,2.040288
    600.6702726,2.497090,2.042741
    604.1802418,2.521303,2.044319
    607.6902111,2.545508,2.045074
    611.2001803,2.569664,2.045059
    614.7101495,2.593751,2.044335
    618.2201188,2.617759,2.042959
    621.730088,2.641690,2.040988
    625.2400573,2.665565,2.038470
    628.7500265,2.689414,2.035445
    632.2599958,2.713276,2.031942
    635.769965,2.737200,2.027976
    639.2799342,2.761237,2.023545
    642.7899035,2.785440,2.018633
    646.2998727,2.809857,2.013206
    649.809842,2.834534,2.007216
    653.3198112,2.859506,2.000597
    656.8297805,2.884792,1.993275
    660.3397497,2.910400,1.985161
    663.849719,2.936317,1.976162
    667.3596882,2.962514,1.966180
    670.8696574,2.988941,1.955118
    674.3796267,3.015526,1.942881
    677.8895959,3.042179,1.929383
    681.3995652,3.068791,1.914552
    684.9095344,3.095238,1.898329
    688.4195037,3.121383,1.880673
    691.9294729,3.147079,1.861565
    695.4394421,3.172173,1.841006
    698.9494114,3.196509,1.819025
    702.4593806,3.219938,1.795670
    705.9693499,3.242314,1.771013
    709.4793191,3.263502,1.745148
    712.9892884,3.283384,1.718186
    716.4992576,3.301857,1.690254
    720.0092269,3.318835,1.661491
    723.5191961,3.334258,1.632043
    727.0291653,3.348082,1.602062
    730.5391346,3.360286,1.571702
    734.0491038,3.370868,1.541113
    737.5590731,3.379845,1.510441
    741.0690423,3.387250,1.479822
    744.5790116,3.393131,1.449385
    748.0889808,3.397549,1.419247
    751.59895,3.400574,1.389514
    755.1089193,3.402283,1.360276
    758.6188885,3.402760,1.331612
    762.1288578,3.402091,1.303592
    765.638827,3.400364,1.276266
    769.1487963,3.397669,1.249683
    772.6587655,3.394091,1.223873
    776.1687348,3.388953,1.198527
    779.678704,3.383871,1.174340
    783.1886732,3.378151,1.150971
    786.6986425,3.371869,1.128424
    790.2086117,3.365094,1.106694
    793.718581,3.357891,1.085769
    797.2285502,3.350320,1.065640
    800.7385195,3.342437,1.046288
    804.2484887,3.334293,1.027695
    807.7584579,3.325936,1.009839
    811.2684272,3.317409,0.992698
    814.7783964,3.308749,0.976248
    818.2883657,3.299993,0.960464
    821.7983349,3.291172,0.945323
    825.3083042,3.282314,0.930798
    828.8182734,3.273446,0.916865
    832.3282427,3.264590,0.903498
    835.8382119,3.255767,0.890674
    839.3481811,3.246994,0.878368
    842.8581504,3.238288,0.866559
    846.3681196,3.229663,0.855220
    849.8780889,3.221131,0.844333
    853.3880581,3.212703,0.833875
    856.8980274,3.204388,0.823825
    860.4079966,3.196195,0.814165
    863.9179659,3.188131,0.804874
    867.4279351,3.180201,0.795935
    870.9379043,3.172411,0.787331
    874.4478736,3.164765,0.779044
    877.9578428,3.157266,0.771058
    881.4678121,3.149918,0.763359
    884.9777813,3.142723,0.755932
    888.4877506,3.135682,0.748762
    891.9977198,3.128797,0.741836
    895.507689,3.122069,0.735141
    899.0176583,3.115498,0.728666
    902.5276275,3.109084,0.722397
    906.0375968,3.102828,0.716326
    909.547566,3.096728,0.710439
    913.0575353,3.090785,0.704728
    916.5675045,3.084562,0.699292
    920.0774738,3.078924,0.693904
    923.587443,3.073440,0.688662
    927.0974122,3.068108,0.683559
    930.6073815,3.062927,0.678587
    934.1173507,3.057897,0.673736
    937.62732,3.053015,0.669000
    941.1372892,3.048279,0.664371
    944.6472585,3.043246,0.659961
    948.1572277,3.038789,0.655528
    951.6671969,3.034472,0.651182
    955.1771662,3.030296,0.646917
    958.6871354,3.026106,0.642762
    962.1971047,3.022201,0.638639
    965.7070739,3.018429,0.634578
    969.2170432,3.014634,0.630616
    972.7270124,3.010759,0.626651
    976.2369817,3.007375,0.622745
