function tab = CRYSTALS_InGaAs_ringas24
    tab = [0.248	2.0735	3.7211
    0.2486	2.129618	3.736937
    0.2492	2.173	3.7633
    0.2498	2.210455	3.793462
    0.2505	2.2488	3.8207
    0.2511	2.300625	3.830787
    0.2517	2.3554	3.8395
    0.2524	2.403382	3.863232
    0.253	2.4548	3.8859
    0.2537	2.521414	3.893694
    0.2543	2.5889	3.8962
    0.255	2.642949	3.899737
    0.2556	2.6953	3.9003
    0.2563	2.754361	3.894956
    0.257	2.8158	3.8868
    0.2576	2.878931	3.880125
    0.2583	2.9412	3.8684
    0.259	2.998645	3.842662
    0.2597	3.0548	3.8145
    0.2603	3.113039	3.796056
    0.261	3.1699	3.7767
    0.2617	3.223262	3.748332
    0.2624	3.2725	3.7155
    0.2631	3.313774	3.67912
    0.2638	3.3546	3.642
    0.2645	3.404281	3.608938
    0.2652	3.4536	3.5749
    0.2659	3.495626	3.534868
    0.2666	3.5328	3.4936
    0.2674	3.564719	3.454574
    0.2681	3.593	3.4166
    0.2688	3.618331	3.380876
    0.2695	3.6431	3.3437
    0.2703	3.671218	3.299814
    0.271	3.6988	3.2551
    0.2717	3.723244	3.214306
    0.2725	3.7446	3.1756
    0.2732	3.76085	3.139168
    0.274	3.7756	3.1037
    0.2748	3.791532	3.068118
    0.2755	3.8094	3.0319
    0.2763	3.83205	2.993782
    0.2771	3.8559	2.9549
    0.2778	3.88	2.916076
    0.2786	3.8993	2.877
    0.2794	3.905069	2.838013
    0.2802	3.9074	2.798
    0.281	3.914994	2.755655
    0.2818	3.9233	2.7119
    0.2826	3.931094	2.666268
    0.2834	3.9371	2.6216
    0.2842	3.939562	2.580932
    0.285	3.9387	2.5432
    0.2858	3.933075	2.509307
    0.2867	3.9259	2.4764
    0.2875	3.920856	2.441075
    0.2883	3.9151	2.4059
    0.2892	3.906187	2.371931
    0.29	3.8966	2.3403
    0.2909	3.888844	2.313306
    0.2917	3.8804	2.2885
    0.2926	3.868456	2.264076
    0.2935	3.8564	2.2404
    0.2943	3.848006	2.217232
    0.2952	3.8393	2.1946
    0.2961	3.826481	2.172125
    0.297	3.8128	2.1508
    0.2979	3.800643	2.13195
    0.2988	3.7888	2.1142
    0.2997	3.7764	2.096162
    0.3006	3.7648	2.0792
    0.3015	3.756069	2.065444
    0.3024	3.7472	2.0512
    0.3033	3.734863	2.030975
    0.3043	3.7221	2.0123
    0.3052	3.711119	2.003406
    0.3061	3.7011	1.9967
    0.3071	3.692437	1.986006
    0.308	3.6837	1.9753
    0.309	3.673206	1.967387
    0.31	3.6621	1.9596
    0.3109	3.650169	1.949406
    0.3119	3.6398	1.9392
    0.3129	3.63525	1.930706
    0.3139	3.6307	1.9234
    0.3149	3.619831	1.917538
    0.3159	3.6084	1.9125
    0.3169	3.601131	1.907812
    0.3179	3.5948	1.9033
    0.3189	3.587481	1.898375
    0.32	3.58	1.8938
    0.321	3.572088	1.890631
    0.322	3.5651	1.8874
    0.3231	3.56135	1.8822
    0.3241	3.5577	1.8774
    0.3252	3.550681	1.875756
    0.3263	3.5436	1.8742
    0.3274	3.539313	1.86915
    0.3284	3.5357	1.8649
    0.3295	3.531256	1.866206
    0.3306	3.527	1.8681
    0.3317	3.523556	1.8662
    0.3328	3.5206	1.8635
    0.334	3.517913	1.86145
    0.3351	3.5158	1.8603
    0.3362	3.514838	1.861381
    0.3374	3.514	1.8629
    0.3385	3.512275	1.863
    0.3397	3.5102	1.8632
    0.3408	3.507819	1.864925
    0.342	3.5056	1.8666
    0.3432	3.503806	1.866406
    0.3444	3.5031	1.8665
    0.3456	3.504944	1.8692
    0.3468	3.5072	1.8722
    0.348	3.507638	1.873388
    0.3493	3.508	1.8745
    0.3505	3.50985	1.876944
    0.3517	3.5115	1.8796
    0.353	3.510706	1.881575
    0.3542	3.5107	1.8836
    0.3555	3.515131	1.88595
    0.3568	3.5205	1.8891
    0.3581	3.523687	1.894269
    0.3594	3.5272	1.8995
    0.3607	3.533475	1.902831
    0.362	3.5396	1.9055
    0.3633	3.542506	1.9077
    0.3647	3.5451	1.9106
    0.366	3.549294	1.916219
    0.3674	3.555	1.9222
    0.3687	3.56365	1.926331
    0.3701	3.5726	1.9302
    0.3715	3.578675	1.934987
    0.3729	3.5849	1.9397
    0.3743	3.5939	1.94315
    0.3757	3.6037	1.9471
    0.3771	3.612856	1.954025
    0.3786	3.6224	1.9606
    0.38	3.632825	1.962875
    0.3815	3.6443	1.9652
    0.383	3.65745	1.971531
    0.3844	3.6714	1.9791
    0.3859	3.685306	1.987012
    0.3875	3.6997	1.9936
    0.389	3.714519	1.995225
    0.3905	3.7307	1.9969
    0.392	3.749763	2.003819
    0.3936	3.7699	2.0118
    0.3952	3.789088	2.018281
    0.3967	3.8095	2.0236
    0.3983	3.832837	2.026363
    0.3999	3.8585	2.0292
    0.4016	3.886462	2.035725
    0.4032	3.9167	2.0416
    0.4048	3.949481	2.043313
    0.4065	3.9839	2.042
    0.4082	4.018913	2.037406
    0.4099	4.0552	2.0302
    0.4116	4.094306	2.021431
    0.4133	4.1326	2.0097
    0.415	4.165425	1.993594
    0.4168	4.1974	1.9742
    0.4185	4.233619	1.951638
    0.4203	4.268	1.9274
    0.4221	4.294682	1.902919
    0.4239	4.3181	1.8785
    0.4257	4.341394	1.854962
    0.4275	4.3626	1.8322
    0.4294	4.3789	1.810206
    0.4312	4.396	1.7895
    0.4331	4.420769	1.771325
    0.435	4.4469	1.7535
    0.4369	4.468806	1.733675
    0.4389	4.4912	1.7136
    0.4408	4.516888	1.695313
    0.4428	4.546	1.6756
    0.4448	4.57965	1.652256
    0.4468	4.6177	1.6243
    0.4488	4.664163	1.589831
    0.4509	4.7077	1.5494
    0.4529	4.734768	1.503181
    0.455	4.756	1.4504
    0.4571	4.780056	1.388169
    0.4592	4.7993	1.323
    0.4613	4.807931	1.261637
    0.4635	4.8091	1.2005
    0.4657	4.804268	1.136112
    0.4679	4.7927	1.0749
    0.4701	4.772356	1.02395
    0.4723	4.7486	0.9778
    0.4746	4.726812	0.932944
    0.4769	4.7049	0.8906
    0.4792	4.68325	0.850482
    0.4815	4.6598	0.8136
    0.4838	4.630731	0.781506
    0.4862	4.6017	0.7523
    0.4886	4.578669	0.724306
    0.491	4.5569	0.6984
    0.4935	4.532819	0.675138
    0.4959	4.5089	0.6538
    0.4984	4.486719	0.634256
    0.5009	4.4654	0.6153
    0.5035	4.444663	0.594863
    0.5061	4.4243	0.5754
    0.5087	4.403875	0.559269
    0.5113	4.3838	0.5447
    0.5139	4.364425	0.530587
    0.5166	4.3455	0.5173
    0.5193	4.326675	0.504969
    0.522	4.3086	0.4932
    0.5248	4.292337	0.481531
    0.5276	4.2763	0.4703
    0.5304	4.258756	0.459763
    0.5333	4.2412	0.4497
    0.5361	4.224781	0.439869
    0.5391	4.2088	0.4306
    0.542	4.192725	0.422362
    0.545	4.1772	0.4145
    0.548	4.162868	0.406244
    0.551	4.1492	0.3984
    0.5541	4.135938	0.391925
    0.5572	4.1229	0.3856
    0.5604	4.109669	0.378138
    0.5636	4.0967	0.3707
    0.5668	4.084563	0.364269
    0.57	4.0725	0.3581
    0.5733	4.059612	0.351606
    0.5767	4.0469	0.3453
    0.58	4.0352	0.339544
    0.5835	4.0241	0.3342
    0.5869	4.013644	0.32935
    0.5904	4.0033	0.3247
    0.5939	3.992207	0.319919
    0.5975	3.9814	0.3152
    0.6011	3.972	0.310581
    0.6048	3.9629	0.3062
    0.6085	3.953137	0.302313
    0.6123	3.9434	0.2986
    0.6161	3.934088	0.294856
    0.6199	3.9251	0.291
    0.6238	3.916506	0.2867
    0.6278	3.9082	0.2825
    0.6318	3.900181	0.279081
    0.6358	3.8922	0.2757
    0.6399	3.883825	0.2716
    0.6441	3.8756	0.2675
    0.6483	3.868006	0.263894
    0.6525	3.8608	0.2607
    0.6569	3.853975	0.258106
    0.6612	3.8473	0.2558
    0.6657	3.840494	0.253788
    0.6702	3.8337	0.2513
    0.6747	3.826962	0.246925
    0.6794	3.8203	0.2426
    0.6841	3.813781	0.240338
    0.6888	3.8073	0.2385
    0.6936	3.800562	0.235894
    0.6985	3.7942	0.2332
    0.7035	3.789075	0.230781
    0.7085	3.7842	0.2284
    0.7136	3.778669	0.225894
    0.7187	3.7731	0.2234
    0.724	3.767744	0.221331
    0.7293	3.7628	0.2187
    0.7347	3.759032	0.213938
    0.7402	3.755	0.2092
    0.7458	3.748937	0.206625
    0.7514	3.7426	0.2047
    0.7572	3.737331	0.202563
    0.763	3.7326	0.2004
    0.7689	3.728231	0.197975
    0.7749	3.7245	0.1957
    0.781	3.721869	0.194244
    0.7872	3.7196	0.1926
    0.7935	3.7171	0.189869
    0.7999	3.7144	0.1864
    0.8064	3.711381	0.182063
    0.813	3.7079	0.1774
    0.8197	3.703819	0.172788
    0.8266	3.699	0.1686];
end